Joffre_Clip.asc
ncols         305
nrows         372
xllcorner     538500
yllcorner     5576503.759
cellsize      14.77484180364
nodata_value  -9999.0
[rows 56 to 83 of 372, columns 63 to 125 of 305]
1264.477 1264.658 1263.68 1263.295 1262.769 1260.717 1259.323 1259.245 1259.606 1259.908 1258.968 1257.344 1254.098 1249.421 1248.522 1249.415 1248.941 1248.642 1248.438 1247.344 1244.056 1243.143 1244.848 1245.243 1243.554 1240.917 1239.906 1239.084 1237.42 1235.033 1232.681 1230.082 1227.419 1226.024 1224.908 1223.357 1220.818 1218.961 1219.077 1220.084 1220.793 1221.283 1221.524 1221.356 1221.092 1220.594 1220.263 1219.923 1219.152 1217.838 1216.547 1215.397 1214.248 1213.483 1213.746 1213.863 1214.01 1213.71 1212.21 1210.502 1210.264 1210.502 1211.414
1266.33 1265.601 1264.663 1264.57 1264.052 1262.015 1260.599 1260.19 1259.908 1259.581 1258.996 1258.643 1256.37 1252.65 1251.69 1252.291 1251.815 1250.566 1249.713 1248.324 1246.897 1246.375 1245.811 1245.881 1244.825 1243.145 1242.159 1241.606 1241.811 1240.796 1238.728 1236.78 1233.866 1231.485 1230.017 1228.191 1224.453 1220.953 1220.345 1221.352 1222.343 1222.916 1223.349 1223.907 1223.919 1223.516 1222.55 1221.573 1220.175 1219.006 1218.21 1217.49 1217.727 1217.568 1218.168 1217.779 1217.168 1216.335 1214.38 1212.907 1212.333 1212.296 1212.954
1268.826 1267.816 1266.871 1266.691 1266.191 1264.849 1263.61 1261.792 1259.764 1258.59 1258.088 1258.078 1257.234 1255.389 1254.636 1254.684 1253.966 1252.734 1251.739 1250.775 1250.744 1250.609 1249.109 1248.104 1247.123 1246.174 1245.201 1244.936 1245.712 1245.166 1242.911 1240.934 1238.839 1236.893 1235.698 1233.357 1228.879 1224.721 1223.385 1224.662 1226.028 1226.887 1227.433 1227.43 1227.097 1226.707 1225.734 1224.761 1222.342 1219.644 1219.887 1220.926 1221.813 1221.774 1221.746 1220.975 1219.865 1218.019 1216.398 1216.344 1215.92 1215.247 1214.782
1271.78 1270.811 1269.847 1269.393 1268.913 1268.527 1267.737 1264.553 1260.973 1259.151 1258.458 1258.041 1258.166 1258.161 1257.678 1257.223 1256.254 1255.286 1254.38 1253.959 1254.801 1254.796 1252.895 1251.01 1250.04 1249.702 1248.816 1248.697 1249.531 1249.297 1247.077 1245.114 1243.802 1242.4 1241.264 1238.427 1233.693 1229.302 1227.285 1229.066 1231.313 1231.48 1231.135 1230.598 1230.24 1230.059 1228.93 1227.848 1224.602 1221.29 1223.017 1225.174 1226.072 1225.989 1225.45 1224.482 1222.897 1220.153 1218.673 1219.197 1218.636 1217.777 1217.015
1275.942 1274.956 1274.006 1273.534 1273.069 1273.311 1274.127 1273.194 1272.136 1270.975 1268.365 1264.801 1262.314 1261.995 1261.505 1261.057 1260.089 1259.12 1258.512 1258.423 1258.661 1258 1256.391 1254.852 1254.154 1254.174 1253.572 1253.226 1253.351 1253.418 1251.841 1250.223 1249.194 1248.148 1246.469 1243.198 1239.101 1235.072 1232.489 1235.092 1239.074 1236.932 1234.066 1233.156 1233.299 1233.641 1232.127 1230.795 1226.951 1224.187 1227.954 1230.414 1230.536 1230.215 1229.285 1228.316 1226.27 1222.727 1221.217 1221.519 1220.557 1219.924 1219.574
1279.932 1279.115 1277.987 1277.181 1276.705 1277.224 1278.392 1278.434 1278.424 1277.863 1275.141 1270.264 1266.654 1266.213 1265.72 1265.285 1264.321 1263.17 1262.447 1262.286 1261.896 1260.973 1259.684 1258.455 1257.87 1258.35 1258.569 1258.367 1258.338 1257.852 1256.332 1255.132 1253.697 1252.456 1251.054 1248.858 1245.572 1240.724 1235.672 1235.221 1238.236 1237.167 1236.274 1236.871 1238.051 1238.518 1236.74 1234.635 1230.074 1227.734 1232.447 1234.966 1235 1234.877 1234.281 1233.108 1230.683 1227.088 1225.132 1224.672 1223.914 1223.691 1223.804
1283.758 1283.271 1281.824 1280.377 1279.894 1280.405 1280.953 1280.972 1280.991 1281 1279.587 1274.767 1271.144 1270.706 1270.211 1269.788 1268.829 1267.413 1266.364 1265.951 1264.992 1264.033 1263.103 1262.184 1261.668 1262.514 1263.551 1263.494 1263.427 1262.2 1260.619 1259.807 1257.841 1256.241 1255.199 1254.122 1251.359 1245.633 1238.406 1234.931 1236.876 1237.487 1238.784 1240.672 1242.731 1243.176 1241.387 1238.64 1233.673 1232.117 1237.206 1239.635 1239.598 1239.499 1239.33 1238.218 1235.57 1232.276 1229.616 1227.953 1227.574 1227.857 1228.402
1287.585 1287.123 1286.258 1285.112 1284.018 1283.015 1281.654 1281 1281 1281 1280.503 1278.509 1276.589 1275.816 1275.313 1274.898 1273.938 1272.53 1271.467 1271.061 1270.102 1269.143 1268.49 1267.932 1267.408 1267.694 1267.744 1267.051 1266.349 1265.306 1264.445 1263.649 1261.683 1259.816 1258.396 1256.807 1253.31 1247.851 1241.268 1238.097 1240.56 1241.944 1242.745 1244.087 1246.302 1246.619 1245.466 1242.664 1238.083 1238.217 1242.686 1244.738 1244.473 1243.963 1244.249 1243.751 1241.142 1238.677 1234.917 1231.365 1231.614 1232.533 1233.497
1291.297 1290.833 1290.351 1289.411 1287.93 1286 1283.643 1282.36 1281.839 1281.556 1281.436 1281.094 1280.556 1280.005 1279.405 1278.474 1277.352 1276.169 1275.464 1274.867 1273.889 1273.2 1272.896 1272.299 1271.749 1271.773 1271.229 1270.041 1269.216 1268.459 1267.893 1266.796 1264.359 1262.536 1261.194 1259.426 1255.829 1250.563 1244.121 1241.263 1244.387 1246.505 1246.783 1248.046 1250.048 1250.669 1249.612 1245.325 1241.049 1243.253 1247.869 1249.67 1249.043 1248.428 1248.978 1248.966 1246.353 1244.231 1240.786 1236.325 1234.948 1236.316 1238.232
1294.821 1294.331 1293.878 1292.913 1291.467 1289.506 1287.484 1285.604 1283.811 1282.832 1282.425 1282.308 1282.759 1283.126 1282.393 1280.394 1278.997 1278.282 1278.381 1277.426 1276.448 1276.294 1276.456 1275.496 1274.938 1274.962 1274.166 1272.603 1272.038 1271.66 1271.092 1269.532 1266.33 1264.638 1263.646 1261.926 1258.66 1253.614 1247.045 1244.37 1248.13 1251.061 1251.139 1252.574 1254.142 1254.975 1253.607 1247.761 1244.299 1248.289 1252.943 1254.361 1253.434 1252.935 1253.6 1253.771 1251.328 1249.367 1246.573 1241.89 1238.619 1239.957 1242.715
1298.083 1297.578 1297.136 1296.162 1294.972 1293.292 1291.326 1289.114 1286.845 1285.273 1284.479 1284.446 1284.704 1284.905 1284.604 1283.48 1282.329 1281.473 1280.963 1280.238 1279.612 1279.217 1279.05 1278.326 1277.872 1277.521 1276.99 1276.055 1275.611 1275.108 1274.668 1273.249 1269.328 1265.284 1264.291 1263.312 1261.481 1257.333 1250.844 1246.898 1250.643 1255.01 1257.739 1259.346 1260.058 1259.395 1256.387 1251.729 1251.93 1255.242 1258.011 1258.195 1257.482 1257.611 1258.058 1257.399 1255.808 1253.847 1251.684 1248.104 1243.753 1243.761 1246.723
1301.2 1300.696 1300.247 1299.359 1298.385 1297.039 1295.009 1292.473 1289.966 1287.97 1286.981 1287.005 1287.029 1287.053 1287.076 1286.583 1285.288 1284.329 1283.853 1283.336 1282.809 1282.244 1281.862 1281.292 1280.915 1280.34 1280.076 1279.556 1279.132 1278.612 1278.187 1277.015 1272.884 1267.652 1266.609 1266.33 1264.983 1260.109 1253.171 1248.999 1253.157 1257.917 1261.408 1262.936 1263.136 1262.288 1259.832 1257.208 1258.925 1261.202 1262.59 1262.159 1261.526 1260.816 1260.217 1259.637 1258.883 1257.482 1255.511 1252.435 1247.873 1247.257 1250.586
1304.048 1303.597 1303.091 1302.555 1301.582 1300.524 1298.292 1295.325 1292.894 1290.811 1290.17 1290.194 1290.218 1290.241 1290.265 1289.515 1287.322 1286.394 1287.309 1286.906 1286.005 1285.433 1285.058 1284.481 1284.111 1283.529 1283.518 1283.139 1282.57 1282.198 1281.622 1280.857 1277.006 1271.89 1270.675 1271.024 1269.194 1262.017 1254.102 1250.698 1255.67 1259.99 1262.668 1263.987 1263.996 1264.007 1263.678 1263.682 1265.325 1266.307 1266.657 1266.01 1265.395 1263.113 1261.137 1261.151 1261.166 1260.584 1258.65 1255.811 1251.527 1250.539 1254.161
1306.93 1306.461 1305.976 1305.506 1304.778 1303.609 1301.472 1299.081 1297.151 1295.311 1294.575 1294.136 1293.687 1293.632 1293.945 1292.952 1290.485 1290.043 1291.57 1291.204 1290.24 1289.464 1288.991 1288.53 1287.846 1287.261 1287.081 1286.597 1286.138 1285.651 1285.195 1284.126 1280.963 1277.142 1276.281 1276.259 1274.961 1269.153 1258.601 1253.177 1258.183 1262.507 1265.179 1266.521 1266.54 1266.135 1264.961 1264.527 1265.112 1265.661 1266.229 1266.211 1266.048 1264.169 1263.05 1263.065 1263.079 1262.703 1261.217 1258.774 1255.191 1253.329 1256.234
1309.958 1309.437 1308.993 1308.424 1307.974 1306.573 1304.602 1303.013 1301.602 1300.106 1299.178 1298.273 1297.354 1297.173 1297.591 1296.382 1294.003 1294.077 1295.797 1295.583 1294.651 1293.649 1293.104 1292.649 1291.747 1291.133 1290.557 1289.954 1289.61 1289.002 1288.664 1287.406 1285.09 1282.545 1281.638 1280.946 1279.742 1275.152 1263.423 1256.015 1260.19 1264.691 1267.715 1269.072 1268.913 1267.908 1266.244 1265.483 1265.292 1265.517 1266.094 1266.615 1266.891 1265.646 1264.964 1264.881 1264.662 1264.379 1263.299 1261.62 1258.813 1257.05 1259.335
1314.068 1313.627 1312.827 1311.98 1311.17 1309.776 1307.805 1305.945 1304.43 1303.303 1302.634 1302.108 1301.443 1301.122 1300.528 1299.206 1297.704 1298.025 1299.231 1299.661 1298.881 1297.724 1297.33 1296.483 1295.817 1295.13 1293.754 1293.143 1292.807 1292.191 1291.86 1290.833 1289.611 1288.072 1286.304 1284.564 1282.724 1278.646 1268.412 1259.393 1261.428 1266.356 1270.251 1271.623 1271.062 1269.199 1267.527 1266.563 1265.93 1265.955 1266.285 1267.245 1267.919 1267.567 1266.877 1266.612 1265.937 1265.662 1264.944 1264.369 1262.38 1261.499 1263.258
1318.075 1317.143 1315.821 1314.637 1313.506 1312.046 1310.427 1308.819 1307.625 1306.879 1306.156 1305.552 1304.817 1304.205 1303.227 1302.178 1301.164 1301.056 1302.072 1302.712 1302.469 1301.901 1301.449 1300.601 1299.548 1298.727 1297.412 1296.633 1296.003 1295.213 1294.743 1294.083 1292.942 1291.47 1289.995 1288.36 1286.394 1282.961 1273.76 1262.82 1262.666 1267.662 1272.051 1274.174 1273.742 1272.319 1271.042 1270.074 1269.406 1269.264 1269.011 1269.281 1269.004 1268.474 1268.193 1268.091 1267.819 1267.726 1267.464 1267.109 1266.096 1265.738 1264.667
1322.01 1320.076 1318.118 1316.558 1315.169 1313.592 1312.608 1311.629 1311.048 1310.666 1309.69 1308.693 1307.697 1306.704 1305.76 1305.169 1304.401 1303.522 1304.471 1305.066 1305.411 1305.664 1305.08 1304.429 1302.914 1301.931 1300.982 1300.069 1299.091 1298.112 1297.434 1297.033 1295.758 1294.2 1293.222 1291.963 1290.136 1287.207 1278.571 1266.432 1265.018 1269.769 1274.008 1276.544 1276.311 1275.52 1274.739 1273.908 1273.232 1272.971 1272.229 1271.877 1271.066 1270.378 1270.342 1270.131 1269.977 1269.996 1269.948 1269.649 1269.718 1270.102 1267.12
1323.404 1321.671 1320.056 1318.479 1317.095 1315.512 1314.529 1313.8 1313.35 1312.834 1312.003 1310.614 1309.376 1308.227 1307.919 1307.483 1306.329 1305.194 1305.507 1305.704 1305.813 1305.898 1305.718 1305.528 1304.834 1303.851 1303.121 1302.627 1301.649 1300.671 1299.774 1298.954 1297.894 1296.759 1295.78 1294.732 1293.541 1290.672 1281.441 1270.442 1270.526 1274.256 1276.785 1278.457 1278.419 1278.265 1278.119 1277.742 1277.059 1276.805 1275.878 1275.249 1274.9 1274.204 1273.998 1273.151 1272.528 1272.547 1272.335 1271.893 1273.219 1274.589 1270.974
1325.046 1323.518 1321.984 1320.294 1318.753 1317.266 1316.558 1316.136 1315.773 1315.175 1314.438 1312.61 1310.871 1309.741 1309.953 1309.602 1308.376 1307.208 1307.01 1306.903 1306.571 1306.351 1306.233 1306 1305.784 1305.282 1305.125 1304.806 1303.95 1303.23 1302.252 1301.273 1300.295 1299.447 1298.882 1298.197 1297.36 1294.192 1283.567 1273.712 1274.585 1277.381 1279.395 1280.827 1280.846 1280.866 1280.885 1280.891 1280.752 1280.287 1279.671 1278.973 1278.735 1277.897 1277.288 1276.448 1275.985 1275.49 1274.866 1274.519 1276.435 1278.387 1274.885
1327.225 1325.828 1323.912 1321.969 1320.043 1318.791 1318.72 1318.688 1318.331 1317.726 1317.005 1314.705 1312.162 1311.245 1311.866 1311.523 1310.528 1309.537 1308.923 1308.598 1307.63 1306.989 1306.657 1306 1306.005 1306.354 1307.042 1306.745 1306.082 1305.761 1304.778 1303.807 1302.841 1302.139 1302.138 1301.807 1301.067 1297.403 1285.348 1276.67 1277.936 1279.857 1281.957 1283.473 1283.525 1283.625 1283.654 1283.925 1284.355 1283.708 1283.411 1282.765 1282.431 1281.458 1280.447 1279.572 1279.223 1278.24 1277.258 1277.082 1279.643 1282.005 1278.477
1329.599 1329.088 1327.242 1324.529 1321.673 1320.1 1320.11 1320.119 1319.969 1319.708 1318.997 1316.656 1314.244 1313.29 1313.395 1313.653 1313.064 1312.085 1311.24 1310.303 1308.907 1308.044 1307.3 1306.636 1307.059 1308.26 1309.16 1309.303 1308.432 1307.682 1306.699 1305.923 1305.205 1304.052 1303.86 1303.091 1301.78 1297.412 1287.273 1279.852 1280.75 1281.934 1284.67 1286.662 1286.887 1287.452 1287.481 1287.576 1287.719 1287.37 1286.771 1286.43 1285.627 1284.654 1283.487 1281.969 1281.144 1280.161 1279.178 1279.276 1282.955 1285.543 1281.135
1332.038 1332.361 1330.74 1327.331 1324.163 1323.186 1323.049 1322.831 1322.545 1322.301 1321.423 1319.318 1317.199 1316.235 1315.722 1315.862 1315.382 1314.399 1313.416 1312.186 1310.709 1309.731 1308.753 1308.096 1308.663 1310.166 1311.178 1311.569 1310.586 1309.695 1308.927 1308.156 1307.451 1306.193 1305.688 1304.513 1302.283 1297.296 1289.408 1284.494 1284.391 1284.589 1286.741 1289.58 1290.041 1290.619 1290.923 1291.048 1291.265 1290.743 1289.919 1289.388 1288.41 1287.432 1286.316 1284.803 1283.498 1282.419 1281.099 1281.248 1285.555 1289.201 1284.557
1334.582 1335.155 1333.951 1330.317 1328.58 1330.61 1329.837 1328.758 1327.423 1326.321 1324.847 1323.385 1321.671 1320.707 1319.539 1318.201 1317.303 1316.32 1315.337 1314.319 1313.268 1312.29 1311.311 1310.647 1311.003 1312.072 1313.084 1313.49 1312.507 1311.804 1311.486 1310.522 1309.562 1308.563 1307.609 1306.08 1302.592 1297.073 1291.67 1290.353 1288.687 1287.725 1288.336 1292.29 1293.042 1293.326 1294.095 1294.38 1294.881 1293.903 1292.935 1291.993 1291.02 1290.047 1289.06 1287.821 1286.112 1284.855 1283.101 1283.309 1288.344 1293.149 1287.903
1337.682 1337.454 1335.977 1333.545 1333.092 1334.337 1332.89 1331.414 1330.088 1328.927 1327.775 1326.951 1325.479 1324.176 1323.039 1321.74 1320.938 1320.156 1318.666 1317.167 1315.826 1315.016 1314.583 1314.297 1314.461 1314.928 1315.217 1314.842 1314.022 1313.567 1312.879 1311.891 1311.07 1310.513 1309.363 1307.225 1303.752 1300.081 1296.084 1295.022 1293.788 1292.665 1292.273 1294.672 1295.115 1295.869 1296.803 1297.406 1297.439 1296.461 1295.643 1295.19 1294.217 1293.243 1292.114 1290.528 1289.169 1287.421 1285.66 1286.5 1294.163 1298.505 1289.391
1340.873 1339.534 1337.553 1336.626 1337.323 1336.818 1335.055 1333.359 1332.122 1331.026 1330.625 1330.319 1329.062 1327.511 1326.543 1325.574 1324.922 1324.372 1322.52 1320.558 1318.851 1318.012 1317.857 1317.749 1317.711 1317.59 1317.373 1316.538 1315.785 1315.304 1314.162 1313.174 1312.398 1312.027 1311.006 1308.733 1305.47 1303.105 1300.297 1299.329 1298.36 1297.209 1296.378 1297.701 1297.903 1298.635 1299.359 1299.979 1299.998 1299.02 1298.197 1297.814 1297.086 1296.181 1295.177 1293.079 1291.616 1289.636 1287.789 1289.14 1299.677 1301.708 1291.547
1342.794 1341.462 1339.481 1338.532 1339.453 1340.029 1339.535 1337.408 1334.689 1332.934 1333.814 1333.515 1332.469 1331.345 1330.377 1329.408 1328.749 1328.408 1326.999 1325.038 1323.133 1321.651 1320.86 1320.3 1320.08 1319.504 1319.473 1319.096 1318.16 1317.051 1315.445 1314.457 1313.504 1312.839 1312.462 1310.84 1308.037 1306.006 1304.131 1303.163 1302.194 1301.204 1300.676 1301.527 1301.574 1301.671 1301.758 1302.036 1302.557 1301.579 1300.61 1299.871 1299.645 1298.872 1298.25 1295.509 1293.545 1291.565 1289.586 1291.325 1305.034 1303.31 1294.166
1345.641 1343.39 1341.655 1341.173 1342.07 1342.589 1342.106 1340.047 1337.777 1336.427 1337.003 1336.712 1335.738 1334.636 1333.371 1332.393 1331.717 1331.437 1330.422 1329.073 1327.108 1325.299 1324.135 1323.645 1323.057 1322.23 1321.777 1321.304 1320.677 1319.563 1318.217 1317.375 1316.513 1314.649 1313.261 1311.896 1309.683 1308.228 1306.896 1305.918 1304.94 1303.962 1303.321 1303.677 1303.82 1304.275 1304.294 1304.406 1304.659 1304.264 1303.752 1302.988 1302.93 1302.52 1301.457 1298.688 1296.717 1294.747 1293.018 1296.135 1311.103 1305.292 1296.385
