Joffre_Clip.asc
ncols         305
nrows         372
xllcorner     538500
yllcorner     5576503.759
cellsize      14.77484180364
nodata_value  -9999.0
[rows 28 to 55 of 372, columns 126 to 188 of 305]
1253.185 1252.67 1252.228 1251.447 1250.189 1247.838 1245.51 1244.937 1244.841 1244.645 1244.969 1244.639 1243.252 1241.018 1238.54 1238.188 1239.831 1241.069 1242.072 1244.278 1246.123 1246.14 1246.312 1248.161 1250.794 1253.063 1255.383 1254.644 1247.433 1245.138 1250.081 1255.024 1260.484 1258.85 1254.291 1257.819 1264.511 1267.787 1266.557 1263.693 1262.962 1264.257 1265.925 1267.489 1267.958 1267.905 1268.054 1268.193 1269.574 1272.974 1277.388 1281.839 1286.25 1290.63 1294.638 1298.583 1302.37 1306.23 1310.171 1314.111 1316.712 1318.104 1320.439
1249.026 1248.674 1248.513 1247.938 1247.008 1244.829 1241.948 1240.892 1240.98 1240.96 1241.355 1241.242 1239.938 1237.804 1234.74 1233.988 1235.905 1236.906 1237.251 1238.818 1240.031 1239.938 1240.269 1242.294 1245.252 1247.684 1249.09 1247.208 1241.518 1240.606 1245.018 1249.614 1254.881 1253.236 1249.518 1254.266 1260.64 1262.522 1260.901 1258.065 1257.156 1258.315 1259.747 1261.417 1262.113 1262.068 1261.814 1262.164 1264.879 1269.251 1273.72 1278.194 1282.663 1286.919 1290.889 1294.42 1297.626 1301.089 1304.765 1308.938 1311.86 1313.034 1314.679
1244.938 1244.848 1244.321 1243.845 1243.189 1241.025 1238.503 1238.06 1238.429 1238.409 1238.444 1238.411 1237.751 1236.609 1233.433 1230.33 1231.131 1232.442 1232.439 1233.017 1233.99 1234.874 1235.797 1237.807 1240.765 1243.204 1242.644 1238.623 1235.575 1237.057 1240.516 1244.501 1249.447 1247.889 1245.386 1251.316 1256.711 1257.649 1256.627 1252.671 1250.513 1252.037 1253.533 1255.463 1256.377 1256.289 1256.04 1257.176 1261.505 1266.871 1271.372 1275.803 1280.257 1284.223 1288.188 1291.321 1293.749 1296.586 1299.849 1304.097 1307.303 1308.35 1309.245
1242.033 1241.73 1240.925 1240.469 1240.169 1238.832 1236.551 1235.686 1235.877 1235.858 1235.542 1235.274 1234.108 1231.973 1228.872 1225.672 1225.131 1226.899 1228.25 1228.712 1229.09 1229.767 1231.346 1233.612 1235.965 1236.857 1234.735 1230.994 1230.48 1234.153 1238.259 1242.549 1245.923 1242.848 1242.128 1248.114 1250.977 1251.271 1250.265 1246.642 1244.757 1246.889 1249.053 1250.687 1250.685 1250.204 1252.058 1255.53 1259.606 1263.995 1268.438 1272.929 1277.037 1281.003 1284.968 1288.394 1290.9 1293.1 1295.719 1299.323 1302.462 1303.878 1304.508
1239.538 1238.9 1237.883 1237.424 1237.404 1236.832 1234.801 1233.33 1233.158 1233.039 1232.487 1231.986 1230.366 1227.539 1224.722 1221.915 1220.367 1222.132 1224.208 1224.445 1224.41 1224.889 1226.511 1228.721 1230.916 1231.36 1228.843 1225.72 1227.078 1232.194 1236.28 1239.767 1241.712 1237.948 1238.254 1244.616 1246.471 1246.3 1245.314 1242.357 1240.652 1242.431 1244.574 1246.232 1246.647 1246.753 1248.902 1252.632 1256.592 1260.552 1264.953 1269.473 1273.433 1277.224 1280.788 1283.915 1286.381 1288.742 1291.185 1293.964 1296.409 1297.688 1298.22
1237.27 1236.356 1235.339 1234.873 1234.853 1234.288 1232.617 1230.73 1229.969 1229.51 1229.006 1228.46 1226.897 1224.707 1222.526 1220.355 1218.434 1219.223 1220.36 1219.98 1219.946 1220.417 1221.066 1222.645 1225.476 1227.216 1225.997 1223.814 1226.073 1231.518 1234.694 1235.961 1236.609 1233.208 1233.72 1240.724 1243.282 1242.816 1241.795 1239.789 1238.144 1238.643 1240.094 1242.044 1243.967 1245.469 1246.469 1248.774 1252.737 1256.694 1261.087 1265.607 1269.533 1273.027 1275.975 1278.503 1280.853 1283.771 1286.28 1288.213 1289.759 1290.665 1291.205
1233.838 1233.218 1232.607 1232.322 1232.302 1231.745 1230.425 1228.617 1227.668 1227.362 1226.854 1226.101 1224.569 1222.559 1220.793 1219.018 1217.506 1217.532 1218.021 1218.005 1218.246 1218.738 1218.975 1219.424 1220.313 1221.73 1221.287 1221.036 1225.34 1229.797 1231.979 1233.246 1234.282 1231.328 1228.814 1232.287 1235.351 1237.704 1238.589 1237.201 1235.926 1236.295 1238.057 1240.31 1242.639 1244.186 1245.448 1247.27 1249.607 1252.837 1257.222 1261.48 1264.502 1267.264 1270.212 1272.747 1274.829 1277.37 1279.629 1281.438 1283.119 1283.641 1284.189
1229.872 1229.857 1229.843 1229.797 1229.751 1229.237 1228.256 1226.719 1225.712 1225.699 1225.208 1224.146 1222.621 1220.661 1219.215 1217.933 1217.121 1216.5 1216.367 1216.865 1217.352 1217.855 1217.85 1217.36 1216.357 1216.879 1217.035 1218.767 1224.316 1227.634 1229.177 1230.778 1231.866 1229.062 1224.706 1225.508 1228.735 1232.704 1235.028 1234.49 1233.814 1234.285 1236.129 1238.544 1241.089 1242.639 1244.049 1245.605 1247.01 1249.472 1253.116 1256.898 1259.562 1262.107 1265.065 1267.491 1269.26 1271.486 1273.576 1275.389 1277.091 1277.513 1278.004
1227.958 1227.944 1227.929 1227.548 1227.2 1227.026 1226.35 1224.821 1223.471 1223.474 1223.302 1221.917 1220.407 1218.763 1217.628 1217.623 1217.759 1216.519 1215.722 1216.227 1216.707 1217.217 1217.212 1216.73 1215.727 1214.718 1215.022 1218.425 1222.452 1224.731 1226.61 1228.509 1228.495 1225.169 1222.162 1222.934 1225.589 1228.278 1230.77 1231.586 1231.821 1232.72 1234.2 1236.607 1239.16 1240.718 1242.12 1243.683 1245.081 1246.746 1248.733 1251.773 1254.7 1257.62 1260.577 1262.761 1264.142 1266.113 1268.074 1270.019 1271.594 1272.162 1272.503
1226.045 1226.031 1225.844 1225.321 1224.987 1224.972 1224.445 1222.923 1221.239 1220.691 1220.664 1219.884 1218.936 1218.006 1217.387 1217.881 1218.396 1216.752 1215.286 1215.786 1216.279 1216.579 1216.373 1215.467 1214.022 1212.923 1213.941 1217.641 1221.004 1222.989 1224.764 1225.855 1225.446 1222.995 1220.588 1220.693 1222.185 1223.872 1225.828 1227.581 1229.514 1231.606 1233.32 1235.285 1237.009 1238.258 1239.648 1241.214 1242.373 1243.836 1245.724 1248.127 1250.748 1253.71 1256.673 1258.17 1258.661 1260.98 1262.935 1264.89 1266.469 1267.053 1267.384
1224.132 1224.117 1223.605 1223.102 1223.073 1223.059 1222.539 1221.025 1219.017 1217.503 1217.485 1217.985 1217.978 1217.961 1217.951 1218.41 1218.881 1217.009 1214.979 1215.423 1215.946 1215.914 1215.408 1213.939 1211.934 1211.336 1213.28 1216.68 1219.713 1221.567 1222.885 1223.007 1222.549 1221.168 1219.272 1219.238 1219.656 1220.31 1221.745 1224.412 1227.701 1230.611 1232.37 1233.675 1234.62 1235.699 1237.008 1238.543 1239.632 1241.006 1242.982 1244.957 1247.321 1250.21 1252.96 1253.879 1253.486 1255.626 1257.666 1259.773 1261.452 1262.207 1262.441
1222.508 1221.899 1221.385 1221.175 1221.16 1221.145 1220.943 1219.754 1218.061 1216.56 1216.202 1217.019 1217.033 1216.686 1216.676 1216.824 1216.667 1215.686 1214.682 1214.778 1215.308 1214.984 1214.14 1212.679 1210.674 1210.339 1212.62 1215.729 1218.422 1219.438 1219.41 1219.74 1219.998 1218.367 1217.718 1220.414 1220.758 1219.769 1221.248 1225.027 1227.786 1229.698 1230.563 1230.86 1231.678 1233.141 1234.19 1235.596 1237.073 1238.44 1240.415 1242.39 1244.746 1247.396 1249.509 1250.068 1248.931 1249.87 1252.142 1254.655 1256.57 1257.742 1257.743
1220.917 1220.025 1219.517 1219.385 1219.247 1219.358 1219.351 1218.358 1216.974 1215.618 1215.065 1216.043 1216.235 1215.566 1215.4 1215.39 1215.204 1215 1214.687 1214.633 1214.85 1214.214 1213.059 1211.572 1210.073 1210.237 1212.519 1214.992 1216.811 1217.236 1216.865 1217.277 1217.506 1215.68 1215.233 1218.012 1218.654 1218.713 1221.709 1225.126 1226.78 1227.93 1228.424 1229.023 1230.164 1231.309 1231.839 1232.745 1234.227 1235.873 1237.668 1239.16 1240.834 1242.806 1244.761 1245.62 1245.327 1246.674 1248.637 1250.581 1252.546 1253.81 1253.78
1219.327 1218.757 1218.242 1217.799 1217.333 1217.752 1217.77 1216.764 1215.706 1214.658 1214.12 1215.057 1215.605 1214.634 1214.125 1214.115 1214.514 1215 1214.981 1214.979 1214.568 1213.584 1212.15 1210.589 1210.002 1210.86 1212.861 1214.427 1214.994 1214.989 1214.977 1215.359 1215.063 1213.062 1212.304 1213.678 1214.891 1217.361 1222.415 1224.782 1225.2 1225.817 1226.27 1227.665 1229.215 1229.82 1229.81 1230.14 1231.397 1233.266 1234.839 1235.889 1236.866 1238.16 1240.096 1241.541 1242.37 1244.257 1245.887 1247.106 1248.755 1249.813 1249.779
1217.986 1217.738 1217.483 1216.996 1216.473 1216.438 1216.171 1215.446 1214.438 1213.946 1213.742 1213.586 1213.798 1213.663 1213.686 1214 1214.186 1214.41 1214.405 1214.4 1213.691 1212.078 1210.288 1208.71 1208.394 1209.594 1211.579 1213.412 1214.356 1214.351 1214.076 1213.552 1212.528 1210.785 1210.383 1211.494 1213.355 1216.558 1220.221 1222.48 1223.279 1224.149 1225.23 1226.77 1227.932 1228.544 1228.534 1228.622 1229.234 1230.467 1231.873 1233.33 1234.308 1235.368 1237.116 1239.435 1240.859 1242.328 1243.966 1244.746 1245.122 1245.349 1245.314
1216.925 1216.928 1216.845 1216.366 1215.758 1215.271 1214.745 1214.261 1213.439 1213.373 1213.438 1212.546 1212.268 1212.677 1213.138 1213.661 1213.777 1213.772 1213.767 1213.865 1213.137 1211.249 1209.292 1207.576 1207.421 1208.725 1210.447 1212.273 1213.436 1213.544 1213.302 1212.18 1210.716 1209.417 1209.396 1210.393 1212.312 1215.386 1218.291 1220.582 1221.358 1222.471 1223.918 1225.306 1226.288 1226.903 1226.888 1227.01 1227.462 1228.201 1229.4 1230.632 1231.208 1232.479 1235.356 1237.985 1238.937 1239.687 1240.61 1240.81 1240.479 1240.585 1240.85
1216.589 1216.628 1216.208 1215.736 1214.825 1214.297 1213.815 1213.283 1213.097 1213.078 1213.093 1212.553 1211.697 1211.681 1212.214 1212.662 1213.139 1213.134 1213.129 1213.498 1213.153 1211.531 1209.68 1207.584 1207.414 1208.45 1209.535 1210.982 1212.161 1212.521 1212.672 1211.3 1209.704 1209.034 1209.388 1210.386 1211.797 1213.847 1216.593 1219.062 1219.437 1220.784 1222.395 1223.385 1224.367 1224.99 1224.978 1225.324 1225.952 1226.287 1227.205 1227.768 1227.746 1229.455 1234.077 1236.664 1236.71 1236.665 1236.57 1236.189 1235.533 1235.796 1236.413
1216.046 1215.913 1215.14 1214.671 1213.864 1213.353 1212.852 1212.341 1211.876 1211.813 1212.269 1212.295 1211.355 1210.53 1210.534 1210.948 1211.292 1210.986 1210.967 1212.01 1211.788 1208.755 1207.033 1205.678 1205.574 1206.233 1207.43 1209.139 1210.769 1211.389 1210.908 1209.729 1208.46 1208.95 1210.918 1211.114 1211.751 1213.746 1215.807 1217.39 1218.132 1219.482 1220.882 1221.464 1222.446 1223.076 1223.287 1223.819 1224.258 1224.568 1223.997 1223.303 1223.495 1225.801 1230.437 1232.616 1233.521 1233.271 1232.541 1231.934 1231.706 1231.764 1232.145
1215.374 1214.932 1213.734 1213.151 1212.499 1212.012 1211.475 1211.004 1210.02 1209.881 1210.745 1211.217 1210.375 1208.948 1208.44 1208.708 1208.763 1208.211 1208.269 1209.64 1209.592 1205.997 1204.664 1204.171 1204.176 1204.433 1205.455 1206.987 1208.378 1208.891 1208.134 1207.599 1207.14 1208.327 1211.044 1211.111 1211.501 1213.403 1214.874 1215.861 1216.94 1218.266 1219.301 1219.812 1220.704 1221.259 1221.677 1222.231 1222.749 1222.968 1221.526 1220.281 1220.488 1223.102 1227.453 1229.443 1230.332 1230.206 1229.765 1229.303 1229.293 1229.283 1229.465
1214.441 1213.385 1211.252 1209.687 1208.391 1207.834 1207.648 1207.185 1206.476 1206.412 1206.64 1206.752 1206.194 1205.661 1205.625 1205.249 1204.944 1204.644 1205.08 1205.397 1205.679 1205.242 1204.922 1204.808 1204.813 1204.571 1204.313 1204.33 1203.812 1203.398 1203.515 1204.489 1205.703 1206.719 1208.317 1209.664 1210.847 1212.524 1213.59 1214.578 1215.878 1217.174 1217.605 1218.528 1219.206 1219.559 1220.183 1220.527 1221.466 1221.494 1219.832 1218.802 1218.768 1221.381 1225.084 1227.122 1227.144 1227.411 1228.051 1228.028 1228.018 1228.008 1227.997
1213.332 1211.998 1209.284 1207.082 1205.813 1205.796 1206 1205.731 1205.373 1205.537 1205.765 1205.614 1205.303 1205.603 1205.962 1205.463 1204.833 1204.651 1205.265 1205.28 1205.518 1205.873 1205.883 1205.892 1205.902 1205.532 1204.922 1204.557 1203.744 1203.251 1202.975 1203.375 1204.026 1204.378 1205.714 1207.513 1209.174 1210.984 1212.307 1213.295 1214.443 1215.577 1216.257 1217.063 1217.533 1218.037 1218.139 1217.7 1217.722 1218.074 1217.396 1216.281 1218.99 1221.873 1223.953 1225.188 1225.173 1225.273 1225.707 1226.128 1226.113 1226.098 1226.083
1212.057 1210.746 1207.752 1205.184 1204.445 1205.426 1206.002 1206.017 1206.036 1206.469 1207.061 1206.678 1206.526 1207.543 1208.144 1207.736 1206.753 1206.514 1207.059 1207.064 1207.069 1207.074 1207.079 1207.084 1207.056 1206.662 1206.099 1205.736 1205.109 1204.751 1203.759 1203.079 1202.645 1202.258 1203.423 1205.359 1207.245 1209.225 1210.92 1212.011 1212.999 1213.929 1214.797 1215.512 1215.889 1216.361 1215.892 1214.875 1214.106 1214.43 1214.849 1214.907 1219.235 1221.837 1222.754 1223.274 1223.259 1223.245 1223.518 1224.215 1224.2 1224.185 1224.17
1210.172 1209.14 1206.491 1204.961 1205.676 1206.683 1207.541 1207.93 1208.21 1208.754 1208.974 1208.854 1209.07 1210.087 1210.444 1209.657 1208.674 1207.929 1207.697 1207.702 1207.707 1207.712 1207.717 1207.722 1207.46 1206.902 1206.736 1206.382 1205.746 1205.397 1204.404 1203.495 1202.653 1201.813 1202.132 1203.852 1205.317 1207.297 1209.209 1210.728 1211.716 1212.441 1212.876 1213.801 1214.405 1214.249 1213.349 1212.331 1211.362 1210.842 1212.128 1215.955 1219.281 1220.554 1221.287 1221.361 1221.346 1221.331 1221.597 1222.301 1222.286 1222.272 1222.257
1208.154 1207.366 1205.666 1205.242 1206.678 1207.902 1209.123 1209.563 1209.973 1210.582 1210.592 1210.602 1211.002 1212.009 1212.245 1211.258 1210.27 1209.283 1208.544 1208.34 1208.345 1208.35 1208.355 1208.229 1207.771 1207.237 1207 1206.781 1206.25 1205.653 1204.656 1203.658 1202.798 1202.072 1201.667 1202.633 1204.235 1206.225 1208.215 1209.883 1210.876 1211.694 1212.172 1212.711 1213.074 1212.615 1211.422 1210.744 1209.88 1209.945 1212.307 1216.226 1218.283 1219.126 1219.608 1219.965 1219.955 1219.945 1220.063 1220.388 1220.373 1220.358 1220.343
1205.979 1205.35 1205.447 1206.246 1207.308 1209.039 1210.777 1210.838 1211.241 1211.858 1211.867 1211.877 1212.27 1213.277 1213.529 1212.541 1211.553 1210.566 1209.588 1208.978 1208.983 1208.987 1208.992 1208.644 1208.001 1207.653 1207.008 1207 1206.666 1205.688 1204.695 1203.715 1203.069 1202.717 1201.725 1201.668 1203.581 1205.571 1207.539 1209.185 1210.205 1211.137 1211.818 1211.808 1211.799 1211.224 1209.857 1209.476 1208.864 1209.99 1213.198 1216.109 1217 1217.709 1217.975 1218.647 1218.52 1218.505 1218.49 1218.475 1218.46 1218.445 1218.43
1205.806 1205.528 1206.147 1207.473 1208.909 1210.938 1212.104 1212.114 1212.292 1212.567 1212.571 1212.576 1213.174 1214.326 1214.221 1213.228 1212.236 1211.243 1210.47 1210.231 1210.021 1209.405 1209 1208.873 1208.42 1207.879 1207.429 1207 1206.886 1206.333 1205.34 1204.568 1204.139 1203.363 1202.37 1201.888 1202.928 1204.918 1206.689 1208.097 1209.367 1209.854 1210.543 1210.533 1210.523 1210.148 1209.036 1208.208 1208.127 1210.604 1213.452 1215.289 1215.716 1216.434 1216.691 1217.204 1216.606 1216.591 1216.576 1216.561 1216.547 1216.532 1216.517
1206.738 1206.858 1207.978 1209.343 1210.704 1212.869 1213.307 1213.269 1213.323 1213.204 1213.131 1213 1213.816 1215.142 1214.72 1213.874 1212.881 1211.889 1211.161 1211 1210.653 1209.656 1209 1209 1208.663 1208 1207.764 1207.196 1207 1206.676 1205.777 1205.213 1204.784 1204.008 1203.016 1202.229 1202.406 1203.923 1205.712 1207.14 1208.287 1208.57 1209.267 1209.364 1209.516 1209.063 1208.334 1207.657 1208.508 1211 1213.024 1214.178 1214.433 1215.158 1215.297 1215.561 1215.129 1215.119 1214.998 1214.648 1214.633 1214.618 1214.603
1209.679 1210.148 1212.427 1212.828 1212.594 1214.535 1214.344 1214.143 1214.365 1213.842 1213.538 1213 1214.028 1215.554 1214.953 1214.519 1213.527 1212.534 1211.581 1211 1210.661 1209.663 1209 1209 1208.671 1208 1207.976 1207.631 1207 1206.684 1205.983 1205.654 1204.986 1204.654 1203.661 1202.678 1202.015 1202.632 1204.613 1206.304 1207.011 1207.287 1207.997 1208.28 1208.719 1207.976 1207.699 1207.553 1209.492 1211.187 1212.175 1212.903 1213.15 1213.883 1213.873 1213.846 1213.78 1213.765 1213.528 1212.823 1212.813 1212.803 1212.793
