Joffre_Clip.asc
ncols         305
nrows         372
xllcorner     538500
yllcorner     5576503.759
cellsize      14.77484180364
nodata_value  -9999.0
[rows 28 to 55 of 372, columns 63 to 125 of 305]
1223.174 1223.16 1223.146 1223.131 1224.166 1225.245 1226.219 1226.965 1227.349 1226.911 1225.98 1225.689 1226.153 1226.314 1227.008 1229.633 1230.75 1230.335 1230.11 1230.072 1235.139 1239.347 1241.859 1243.07 1243.271 1242.819 1241.914 1241.165 1240.675 1239.436 1237.944 1237.069 1236.858 1236.834 1236.893 1237.938 1239.38 1240.494 1241.1 1241.228 1241.504 1241.948 1242.094 1241.763 1240.612 1240.369 1243.719 1247.086 1248.28 1249.058 1249.698 1250.165 1250.949 1251.292 1250.639 1250.272 1252.733 1254.805 1254.513 1253.82 1253.618 1253.588 1253.559
1221.261 1221.246 1221.232 1221.218 1221.303 1222.049 1223.022 1223.307 1223.983 1224.188 1223.436 1223.138 1223.14 1223.125 1223.812 1225.516 1225.383 1225.048 1225.008 1224.973 1229.098 1232.938 1235.886 1238.179 1238.816 1238.827 1238.133 1237.761 1237.043 1236.051 1234.375 1233.693 1233.669 1233.598 1232.935 1233.203 1234.688 1236.05 1237.143 1237.566 1238.092 1239.057 1239.575 1239.156 1237.604 1237.342 1240.208 1243.348 1244.283 1244.79 1245.082 1245.574 1246.477 1246.622 1245.943 1246.406 1249.442 1250.952 1250.363 1249.899 1249.791 1249.762 1249.608
1219.898 1219.889 1219.879 1219.87 1219.445 1220.002 1220.566 1221.084 1220.259 1220.269 1220.549 1220.587 1220.568 1220.549 1220.799 1220.981 1220.284 1219.944 1219.906 1220.311 1223.271 1226.1 1229.284 1232.655 1234.579 1235.431 1234.951 1234.144 1233.224 1232.656 1231.202 1230.505 1230.48 1229.992 1229.532 1229.592 1230.02 1231.763 1233.718 1234.785 1234.721 1235.628 1237.192 1238.053 1236.981 1235.9 1238.661 1240.864 1241.094 1241.202 1241.255 1241.351 1242.005 1241.387 1240.594 1242.061 1245.965 1247.385 1246.921 1246.335 1245.964 1245.935 1245.411
1218.623 1218.754 1218.802 1218.65 1217.864 1217.988 1218.131 1218.35 1216.602 1216.387 1217.121 1217.482 1217.525 1217.496 1217.29 1216.846 1216.167 1215.921 1216.09 1216.655 1218.326 1219.943 1222.664 1226.411 1230.023 1231.614 1231.144 1230.113 1229.295 1229.036 1227.914 1227.316 1227.292 1226.844 1226.595 1226.346 1226.427 1228.219 1230.655 1231.894 1231.708 1232.475 1233.814 1235.107 1234.857 1233.764 1236.191 1238.184 1238.58 1238.729 1238.714 1238.961 1239.461 1239.004 1236.95 1238.954 1243.228 1244.099 1243.663 1243.331 1243.092 1242.794 1242.271
1217.347 1217.937 1218.164 1217.557 1216.596 1215.802 1215.58 1214.446 1213.054 1212.745 1212.844 1213.46 1213.698 1213.67 1213.026 1213.26 1213.42 1213.37 1213.97 1214.305 1214.47 1214.612 1216.046 1219.365 1225.097 1227.361 1226.687 1225.656 1225.252 1225.21 1224.513 1224.127 1224.103 1224.069 1224.044 1223.392 1223.639 1225.252 1227.855 1228.956 1228.957 1229.575 1229.945 1231.107 1231.791 1231.188 1233.217 1235.378 1236.343 1236.729 1236.774 1237.34 1237.696 1237.485 1234.087 1236.399 1240.785 1241.076 1240.685 1240.67 1240.656 1240.138 1239.68
1216.536 1216.91 1217.053 1216.674 1216.152 1215.297 1214.309 1213.303 1212.304 1212 1212 1212.688 1212.642 1212.474 1212.15 1212.678 1213 1213 1213.671 1214.371 1214.56 1214.19 1214.946 1216.926 1220.378 1222.892 1222.819 1221.408 1220.814 1221.168 1221.492 1221.941 1222.148 1221.74 1221.493 1221.639 1222.353 1223.564 1225.523 1226.799 1227.437 1228.292 1228.669 1228.653 1228.216 1228.138 1230.253 1232.563 1233.404 1233.919 1234.599 1235.044 1235.145 1233.449 1231.249 1234.327 1238.219 1238.898 1238.771 1238.757 1238.742 1238.591 1238.048
1216 1216 1216 1215.918 1215.879 1215.178 1213.663 1213.135 1212.548 1212.29 1212.197 1212.73 1212.322 1212 1212 1212.671 1213 1213 1213.663 1214.661 1214.87 1214.142 1214.446 1215.439 1216.94 1219.209 1219.743 1218.404 1217.764 1218.242 1218.987 1219.88 1220.235 1219.757 1219.471 1220.249 1221.344 1222.509 1223.878 1225.033 1225.843 1226.53 1226.787 1226.352 1225.65 1225.771 1227.621 1229.872 1230.867 1231.575 1232.358 1232.613 1232.797 1230.423 1228.141 1230.809 1234.59 1235.532 1235.121 1234.916 1234.877 1234.838 1234.467
1216 1216 1216 1215.477 1215.241 1214.548 1213.914 1213.773 1213.627 1213.565 1213.042 1212.932 1212.329 1212 1212 1212.663 1213 1213 1213.656 1214.653 1214.456 1213.512 1213.801 1214.794 1215.88 1217.1 1218.007 1217.546 1217.126 1217.198 1217.307 1217.959 1218.322 1218.244 1218.195 1219.355 1220.699 1222.249 1223.095 1223.75 1224.179 1224.23 1224.236 1224.185 1224.119 1224.115 1225.314 1227.306 1228.683 1229.654 1230.073 1230.062 1230.607 1228.18 1224.874 1226.242 1230.211 1231.403 1230.397 1229.93 1229.916 1229.901 1229.886
1215.884 1216 1215.733 1215.191 1215 1214.592 1214.406 1214.411 1214.416 1214.42 1213.757 1213.43 1212.771 1212.439 1212.152 1212.361 1212.843 1213 1213.348 1213.875 1213.715 1213.188 1213.638 1214.636 1215.322 1216.134 1217.127 1217.185 1216.681 1216.484 1216.479 1216.766 1217.264 1217.465 1217.46 1218.336 1219.504 1221.092 1222.216 1222.695 1222.524 1222.278 1222.264 1222.591 1222.823 1222.813 1223.96 1225.945 1227.358 1228.695 1229.733 1229.296 1228.25 1225.746 1223.329 1224.582 1227.915 1229.561 1228.78 1228.017 1228.002 1227.988 1227.973
1215.686 1216 1215.319 1215 1215 1215 1215.029 1215.049 1215.053 1215.058 1214.443 1214.091 1213.464 1213.104 1212.484 1212.117 1212.619 1212.904 1212.964 1213.068 1213.111 1213.042 1213.631 1214.628 1215 1215.623 1216.534 1216.856 1216.327 1216 1216 1216 1216.504 1216.827 1216.822 1217.306 1218.332 1219.766 1220.999 1221.275 1220.708 1220.365 1220.476 1221.135 1221.678 1221.769 1222.771 1224.655 1226.213 1227.594 1228.795 1227.959 1225.83 1223.411 1221.777 1222.932 1225.628 1227.386 1226.902 1226.103 1226.089 1226.074 1226.06
1215.679 1216 1215.326 1215 1215 1215 1215.452 1215.686 1215.691 1215.696 1215.505 1214.952 1214.522 1213.968 1213.539 1212.985 1212.436 1212.266 1212.729 1213.469 1213.749 1213.282 1213.623 1214.621 1215 1215.616 1216.137 1216.218 1216.083 1216 1216 1216 1216.116 1216.189 1216.184 1216.285 1217.423 1218.369 1219.078 1218.993 1218.532 1218.452 1218.927 1219.852 1220.763 1221.131 1221.76 1223.364 1225.284 1226.236 1226.874 1225.712 1223.294 1221.229 1220.215 1221.291 1223.351 1224.828 1224.704 1224.19 1224.176 1224.161 1224.146
1215.476 1215.704 1215.233 1215 1215 1215 1215.447 1215.676 1215.671 1215.666 1215.661 1215.234 1215 1214.587 1214.358 1213.729 1212.736 1212.372 1212.531 1213.242 1213.854 1213.382 1213.372 1214.213 1214.842 1215.359 1215.585 1215.58 1215.575 1215.571 1215.566 1215.3 1215.112 1215.103 1215.093 1214.816 1215.234 1215.931 1216.957 1217.268 1217.035 1217.302 1218.073 1219.066 1219.777 1219.704 1220.305 1221.788 1222.964 1223.37 1223.892 1223.566 1221.839 1219.541 1218.644 1219.955 1221.941 1223.398 1223.336 1222.851 1222.841 1222.832 1222.822
1215.047 1215.067 1215.021 1215 1215 1215 1215.028 1215.038 1215.033 1215.029 1215.024 1215.007 1215 1214.994 1214.995 1214.374 1213.371 1212.99 1212.385 1212.623 1213.584 1213.349 1212.966 1213.568 1214.56 1214.952 1214.947 1214.908 1214.838 1214.798 1214.742 1214.107 1213.673 1213.654 1213.635 1213.04 1212.539 1213.042 1214.646 1215.734 1215.88 1216.365 1217.298 1218.286 1218.644 1218.176 1218.865 1220.237 1220.682 1220.584 1220.942 1221.307 1220.412 1217.946 1216.964 1218.472 1220.349 1221.815 1221.86 1221.364 1221.46 1221.556 1221.431
1214.434 1214.802 1215 1215 1215 1215 1215 1215 1215 1215 1214.612 1214.381 1214.376 1213.98 1213.734 1213.5 1212.741 1212.353 1212.534 1212.866 1212.804 1212.466 1212.329 1212.922 1213.915 1214.314 1214.309 1213.896 1213.189 1212.885 1212.458 1211.563 1211.122 1211.103 1211.084 1210.496 1209.628 1209.846 1211.799 1214.248 1215.242 1215.368 1216.015 1217.003 1217.022 1216.96 1217.868 1218.954 1219.407 1218.97 1218.684 1218.755 1218.543 1216.362 1215.043 1216.543 1218.094 1219.582 1219.955 1219.45 1219.867 1220.281 1219.839
1213.724 1214.438 1214.786 1214.922 1214.857 1214.772 1214.767 1214.762 1214.758 1214.753 1214.124 1213.584 1213.477 1213.344 1213.603 1213.322 1212.05 1211.429 1212.023 1212.588 1212.281 1211.819 1211.691 1212.277 1212.895 1213.029 1212.823 1212.28 1211.408 1210.774 1210.036 1209.221 1208.928 1208.914 1208.9 1208.533 1208.109 1208.132 1209.673 1212.479 1214.03 1214.199 1214.732 1215.498 1215.663 1215.891 1216.683 1217.671 1217.902 1217.388 1216.88 1216.653 1216.404 1214.814 1213.812 1214.844 1216.088 1217.334 1218.051 1218.025 1218.267 1218.508 1218.248
1212.856 1213.792 1214.149 1214.687 1214.456 1214.134 1214.13 1214.125 1214.12 1214.115 1213.494 1212.557 1212.202 1213.234 1215.01 1214.086 1211.295 1210.154 1210.74 1211.688 1212.026 1211.446 1211.053 1211.632 1211.513 1211.116 1210.545 1210.1 1209.502 1208.501 1207.493 1207.034 1207.015 1207.001 1207 1207.01 1207.579 1207.48 1208.076 1210.556 1212.44 1212.906 1213.449 1213.904 1214.425 1214.915 1215.463 1216.385 1216.226 1215.692 1215.158 1214.653 1214.217 1213.398 1213 1213.502 1214.444 1215.324 1216.253 1216.811 1216.87 1216.865 1216.86
1211.37 1212.178 1212.84 1213.329 1213.502 1213.496 1213.492 1213.171 1212.646 1212.432 1212.13 1211.329 1210.926 1211.142 1212.138 1211.89 1210.541 1209.337 1209.457 1209.777 1209.699 1209.436 1209.246 1209.468 1209.049 1208.946 1208.963 1208.783 1208.555 1208.168 1207.79 1207.279 1207 1207 1207 1207.706 1208.847 1208.418 1207.67 1208.916 1210.519 1211.33 1212.166 1212.628 1213.141 1213.971 1214.817 1215.084 1213.994 1213.141 1212.614 1212.102 1212.313 1212.766 1213 1213.495 1214.124 1214.367 1214.97 1215.843 1216.232 1216.227 1216.222
1210.47 1210.884 1211.591 1211.868 1212.312 1212.663 1212.619 1212.03 1211.177 1210.84 1210.835 1210.638 1210.524 1210.691 1210.889 1210.611 1210.388 1209.462 1209.158 1208.958 1208.761 1208.996 1209.24 1209.364 1208.827 1208.718 1208.831 1208.74 1208.614 1208.512 1208.522 1207.983 1207.393 1207.126 1207.151 1208.054 1209.09 1208.502 1207.329 1207.734 1208.745 1209.417 1210.079 1210.382 1211.042 1211.838 1212.654 1212.952 1211.775 1210.765 1210.249 1210.093 1210.579 1211.376 1211.87 1212.156 1212.641 1213.015 1213.687 1214.675 1215.188 1215.372 1215.584
1213.021 1212.251 1211.439 1211.23 1210.891 1211.135 1210.959 1210.507 1210.289 1210.202 1210.197 1211.512 1212.437 1215.219 1215.404 1212.692 1211.663 1211.484 1210.973 1210.604 1211.036 1211.906 1212.786 1213.191 1212.661 1211.832 1211.031 1210.653 1210.18 1209.788 1209.797 1209.266 1208.328 1207.424 1207.489 1208.005 1208.111 1207.574 1207.03 1207.06 1207.134 1207.17 1207.196 1207.193 1208.167 1208.64 1209.138 1210.087 1209.553 1208.539 1208.017 1208.49 1208.988 1209.451 1209.949 1209.951 1210.428 1211.43 1212.438 1213.412 1213.933 1214.393 1214.918
1217.297 1215.964 1214.614 1214.259 1214.687 1215.601 1215.211 1213.93 1212.684 1211.666 1211.581 1213.274 1214.874 1217.695 1217.42 1214.741 1213.341 1212.679 1212.184 1211.695 1212.05 1213.327 1214.829 1215.23 1214.185 1212.964 1211.971 1211.522 1211.271 1211.063 1210.786 1210.008 1208.726 1208.054 1208.345 1209.147 1209.99 1209.468 1209.317 1210.196 1210.508 1210.537 1210.266 1209.694 1209.51 1209.414 1209.306 1209.077 1208.569 1208.191 1207.693 1207.537 1207.406 1207.226 1207.7 1208.339 1209.145 1210.444 1211.793 1212.473 1212.95 1213.457 1213.932
1222.692 1221.195 1219.933 1219.631 1221.481 1223.227 1222.38 1219.817 1216.828 1214.384 1214.128 1215.688 1217.625 1219.448 1218.6 1216.785 1215.254 1213.824 1213.22 1212.565 1212.61 1214.174 1216.158 1216.454 1214.992 1213.609 1212.617 1212.074 1212 1212 1211.472 1210.474 1209.146 1208.8 1209.193 1210.127 1211.513 1211.086 1211.336 1213.05 1213.555 1213.341 1212.85 1212.213 1211.593 1211.112 1210.518 1209.54 1208.918 1208.798 1208.335 1207.827 1207.369 1206.588 1206.351 1207.011 1208.162 1209.614 1211.006 1211.514 1211.988 1212.497 1212.971
1228.82 1228.345 1228.348 1228.56 1230.388 1230.66 1228.403 1225.58 1222.223 1219.135 1218.585 1219.775 1221.077 1221.545 1220.612 1218.988 1217.536 1216.03 1214.432 1213.211 1212.893 1214.505 1216.437 1216.462 1215.348 1214.255 1213.262 1212.376 1212 1212 1211.479 1210.482 1209.816 1209.742 1209.831 1210.427 1211.505 1211.42 1212.276 1214.634 1215.155 1214.304 1213.806 1214.115 1214.459 1213.995 1213.077 1212.099 1211.169 1210.711 1210.256 1209.74 1209.29 1207.916 1206.109 1206.017 1207.517 1208.961 1210.076 1210.521 1211.062 1211.501 1212.048
1235.551 1235.916 1236.691 1237.355 1238.54 1237.381 1234.292 1231.148 1227.479 1224.292 1223.151 1223.714 1224.537 1224.285 1223.518 1222.373 1221.13 1220.043 1218.656 1217.214 1216.4 1217.207 1217.932 1217.08 1215.893 1214.9 1213.907 1212.915 1212.44 1212.216 1211.487 1210.722 1210.459 1210.699 1210.938 1211.211 1211.976 1212.467 1213.702 1215.483 1215.755 1215.018 1214.508 1214.746 1215 1214.773 1214.303 1213.844 1213.143 1212.624 1212.177 1211.653 1210.957 1209.213 1206.972 1205.956 1207.128 1208.63 1209.673 1209.662 1209.216 1209.635 1210.187
1242.936 1243.937 1244.975 1246.01 1245.997 1243.42 1240.054 1236.553 1232.611 1229.771 1227.827 1227.533 1228.011 1227.5 1227.081 1226.574 1225.622 1225.188 1224.69 1223.211 1221.765 1221.381 1220.44 1218.493 1217.036 1215.988 1214.892 1213.815 1213.272 1212.782 1211.845 1211.37 1211.34 1211.753 1212.214 1212.168 1212.721 1213.733 1215.035 1216 1216 1215.59 1215.145 1215.15 1215.155 1215.16 1215.165 1215.17 1214.715 1214.261 1213.997 1213.396 1212.295 1210.305 1207.871 1206.024 1206.665 1208.219 1209.114 1208.878 1207.801 1207.85 1208.273
1249.642 1250.439 1251.147 1251.257 1250.303 1248.748 1246.085 1242.653 1239.327 1236.769 1235.173 1234.118 1233.404 1232.609 1231.84 1231.388 1230.732 1229.952 1229.499 1228.328 1226.541 1226.841 1226.832 1224.885 1223.094 1221.085 1218.717 1216.689 1215.503 1215.022 1214.403 1213.921 1213.578 1213.347 1213.489 1213.135 1213.965 1215.028 1215.354 1216 1216 1215.896 1215.783 1215.788 1215.793 1215.798 1215.802 1215.807 1215.36 1215.184 1215.564 1214.745 1212.948 1210.958 1208.531 1206.112 1206.012 1207.573 1208.199 1208.155 1207.267 1206.302 1206.36
1256.073 1256.458 1256.576 1255.844 1254.185 1253.083 1251.333 1248.515 1245.962 1243.8 1242.399 1240.768 1238.489 1236.573 1235.937 1236.038 1235.546 1234.424 1233.674 1232.675 1230.696 1231.797 1233.398 1231.77 1229.496 1226.881 1223.937 1221.317 1219.335 1217.978 1216.962 1216.292 1215.814 1215.51 1215.346 1214.499 1214.837 1215.715 1215.683 1216.19 1216.411 1216.608 1216.648 1216.426 1216.431 1216.435 1216.44 1216.445 1216.205 1215.949 1215.798 1214.662 1212.662 1210.663 1208.439 1206.353 1205.922 1206.72 1207.003 1206.784 1206.279 1206 1206
1262.095 1261.837 1260.974 1259.678 1257.678 1255.924 1255.296 1253.983 1252.408 1250.83 1249.422 1247.462 1243.198 1239.102 1239.186 1240.503 1240.017 1238.569 1237.175 1236.203 1234.216 1236.245 1240.109 1239.121 1236.212 1233.281 1230.337 1227.399 1224.466 1221.522 1219.526 1218.568 1218.068 1218.085 1217.628 1216.184 1215.575 1216.069 1216.097 1216.593 1217.147 1217.616 1217.724 1217.191 1217.174 1217.146 1217.156 1217.166 1217.137 1216.618 1215.568 1214.142 1212.147 1210.247 1208.489 1207.169 1206.759 1206.788 1206.649 1206.072 1205.93 1206.513 1206.685
1263.773 1263.725 1262.686 1261.752 1260.474 1258.495 1257.571 1257.082 1256.702 1256.278 1255.073 1253.096 1249.13 1244.436 1244.045 1245.243 1244.782 1244.179 1243.599 1242.646 1239.516 1239.768 1242.897 1242.836 1240.497 1237.523 1235.782 1234.095 1231.478 1228.538 1226.246 1224.049 1222.233 1221.613 1220.824 1219.388 1217.876 1217.345 1217.662 1218.498 1219.06 1219.522 1219.645 1219.104 1218.808 1218.422 1218.432 1218.441 1218.14 1216.992 1215.576 1214.157 1212.162 1210.792 1210.306 1210.251 1210.585 1210.615 1209.707 1208.248 1208.221 1208.678 1209.486
