Joffre_Clip.asc
ncols         305
nrows         372
xllcorner     538500
yllcorner     5576503.759
cellsize      14.77484180364
nodata_value  -9999.0
[rows 140 to 167 of 372, columns 189 to 251 of 305]
1373.728 1371.238 1367.035 1362.581 1358.266 1354.132 1351.223 1348.136 1343.677 1339.288 1335.66 1331.641 1326.517 1321.47 1316.9 1313.183 1310.226 1307.579 1305.209 1303.042 1300.859 1298.172 1298.664 1303.297 1308.998 1314.705 1320.192 1324.965 1328.241 1330.247 1331.966 1333.708 1335.911 1339.856 1345.088 1350.818 1356.797 1362.986 1371.054 1379.726 1386.183 1389.296 1388.696 1388.398 1390.792 1394.646 1398.451 1402.221 1404.299 1405.193 1406.558 1407.601 1408.888 1410.272 1410.905 1410.955 1410.679 1410.108 1409.536 1409.006 1409.471 1410.93 1412.597
1375.444 1373.107 1368.7 1364.176 1359.226 1354.801 1350.838 1347.924 1345.381 1341.869 1337.906 1333.945 1329.456 1325.017 1321.054 1317.591 1314.604 1311.611 1308.59 1306.092 1303.604 1300.623 1299.598 1303.04 1308.952 1314.812 1320.215 1324.702 1327.86 1330.004 1332.057 1334.056 1336.525 1340.455 1345.446 1350.437 1355.49 1360.69 1368.952 1380.853 1390.977 1395.758 1396.342 1397.081 1399.529 1403.288 1407.106 1409.728 1410.242 1410.584 1412.082 1413.209 1414.789 1416.693 1417.832 1418.033 1418.099 1418.262 1418.182 1418.603 1421.755 1425.843 1427.623
1374.957 1373.315 1368.43 1364.058 1359.913 1355.469 1351.82 1349.195 1346.682 1343.847 1340.822 1337.165 1332.683 1328.238 1324.274 1320.478 1317.178 1313.865 1310.208 1307.383 1304.903 1301.922 1300.554 1303.631 1308.927 1313.821 1318.596 1323.06 1327.171 1330.287 1332.679 1334.678 1337.139 1341.053 1346.044 1351.035 1356.375 1362.495 1371.126 1382.672 1392.548 1398.694 1403.102 1406.821 1409.526 1412.185 1415.2 1415.93 1415.616 1416.046 1417.177 1418.561 1420.513 1423.19 1425.738 1426.324 1426.39 1426.801 1427.364 1430.12 1439.803 1450.145 1451.935
1374.079 1373.416 1368.978 1364.521 1360.59 1356.002 1352.557 1350.219 1347.85 1345.518 1342.872 1339.678 1335.619 1331.16 1327.192 1323.223 1319.597 1316.126 1312.317 1309.008 1306.202 1303.057 1301.342 1303.722 1308.032 1312.295 1316.795 1321.236 1326.088 1330.183 1333.094 1335.3 1337.753 1341.652 1346.823 1352.223 1358.075 1364.564 1373.257 1384.175 1392.644 1398.318 1403.166 1408.207 1414.059 1420.014 1423.516 1423.208 1422.294 1422.772 1425.273 1427.813 1430.382 1433.358 1436.153 1437.16 1437.251 1437.527 1437.91 1440.816 1453.569 1467.357 1466.212
1372.796 1373.517 1370.981 1366.084 1361.266 1356.34 1352.91 1350.873 1348.837 1346.809 1343.849 1341.307 1338.209 1333.743 1329.774 1325.805 1321.861 1318.379 1314.899 1310.964 1307.501 1304.055 1301.98 1303.42 1306.429 1310.342 1314.851 1319.292 1324.722 1329.786 1333.323 1335.883 1338.351 1342.281 1347.762 1353.78 1360.221 1366.781 1375.284 1385.324 1391.934 1396.594 1400.738 1406.489 1416.124 1426.425 1430.941 1430.553 1429.666 1430.242 1434.156 1437.868 1441.059 1444.312 1447.174 1448.493 1448.579 1448.666 1448.752 1451.363 1465.968 1482.499 1478.525
1371.992 1372.23 1371.187 1367.447 1362.471 1357.495 1354.053 1351.517 1348.712 1345.885 1342.605 1340.937 1339.37 1335.471 1331.483 1328.088 1324.419 1320.646 1316.884 1312.91 1309.122 1305.637 1303.278 1304.013 1307.009 1310.631 1314.529 1318.326 1323.399 1328.479 1332.306 1335.51 1338.606 1343.434 1349.628 1355.92 1362.446 1368.916 1376.669 1384.462 1390.245 1395.811 1401.227 1407.702 1417.305 1427.382 1433.106 1436.282 1438.084 1439.281 1442.416 1446.38 1450.206 1454.336 1458 1459.335 1459.421 1459.508 1459.594 1461.92 1477.095 1495.465 1490.235
1371.042 1370.548 1370.533 1368.369 1363.87 1359.067 1355.519 1352.359 1348.785 1345.21 1341.719 1340.494 1340.021 1336.996 1333.1 1329.901 1326.432 1322.572 1318.703 1314.855 1310.881 1307.253 1304.478 1304.508 1307.358 1310.799 1314.341 1317.777 1322.522 1327.463 1331.318 1334.957 1338.852 1344.301 1350.996 1357.457 1363.975 1370.573 1377.838 1384.532 1390.137 1396.272 1402.479 1409.275 1418.417 1427.46 1432.905 1437.024 1440.433 1443.961 1449.443 1454.881 1459.039 1463.362 1467.729 1469.333 1469.564 1469.917 1470.622 1474.754 1489.688 1505.755 1500.609
1369.137 1368.635 1368.62 1368.097 1365.503 1361.336 1357.456 1353.665 1349.773 1345.88 1342.38 1340.512 1340.007 1338.276 1334.737 1330.902 1327.397 1323.878 1320.303 1316.8 1312.826 1308.903 1305.484 1304.839 1307.334 1310.768 1314.317 1317.745 1322.2 1326.794 1330.378 1334.195 1339.087 1344.884 1351.85 1358.417 1364.825 1371.794 1378.794 1385.384 1391.365 1397.75 1404.345 1411.125 1419.494 1426.895 1431.09 1434.434 1438.762 1445.592 1455.193 1462.81 1467.362 1471.814 1476.938 1478.921 1479.372 1480.323 1482.559 1489.448 1503.29 1514.695 1510.06
1367.44 1366.721 1366.922 1367.128 1366.014 1363.148 1359.402 1355.65 1352.138 1348.637 1345.397 1342.932 1341.245 1339.082 1335.859 1332.372 1328.894 1325.185 1321.429 1317.712 1313.728 1309.745 1306.203 1305.416 1307.852 1311.046 1314.294 1317.714 1321.889 1326.125 1330.168 1334.662 1339.653 1345.466 1352.452 1359.273 1366.024 1373.014 1380.004 1386.6 1392.837 1399.358 1405.823 1412.732 1419.486 1424.702 1428.515 1431.614 1435.533 1442.324 1452.396 1462.235 1471.073 1479.911 1486.895 1488.71 1489.348 1492.292 1500.842 1510.401 1518.849 1522.169 1517.333
1365.888 1364.872 1365.319 1365.778 1365.763 1364.38 1361.033 1357.613 1354.723 1351.793 1348.863 1345.944 1342.857 1339.8 1336.944 1334.038 1330.547 1326.363 1322.216 1318.295 1314.397 1310.485 1307.034 1306.137 1308.466 1311.463 1314.459 1317.795 1321.671 1325.744 1330.27 1335.26 1340.251 1346.049 1353.034 1360.02 1367.099 1374.234 1381.225 1387.828 1394.205 1400.814 1407.083 1413.798 1419.594 1423.763 1427.496 1430.789 1434.705 1441.497 1451.839 1462.712 1472.927 1482.275 1489.954 1494.943 1499.92 1505.406 1514.956 1523.912 1529.145 1528.673 1523.853
1364.628 1363.596 1363.728 1363.865 1363.85 1363.095 1360.727 1357.935 1355.681 1353.092 1350.455 1347.881 1344.215 1340.749 1338.529 1335.975 1332.21 1327.109 1322.247 1318.603 1315.066 1311.427 1308.333 1307.127 1309.081 1312.077 1315.073 1318.139 1321.64 1325.971 1330.868 1335.859 1340.85 1346.632 1353.617 1360.602 1367.927 1375.455 1382.445 1389.057 1395.425 1402.043 1408.07 1414.148 1419.792 1424.369 1428.337 1432.265 1436.579 1443.331 1453.665 1464.321 1473.038 1479.206 1486.529 1497.873 1510.929 1519.595 1525.752 1531.532 1535.306 1534.453 1529.824
1364.223 1362.335 1361.966 1361.951 1362.103 1361.982 1360.581 1358.446 1356.457 1354.185 1350.817 1346.916 1343.32 1340.489 1338.891 1336.863 1333.053 1327.582 1322.885 1319.576 1316.17 1312.242 1308.929 1308.24 1310.416 1312.962 1315.688 1318.684 1322.083 1326.476 1331.466 1336.457 1341.448 1347.214 1354.394 1361.695 1368.869 1376.351 1383.469 1389.755 1395.914 1402.19 1408.173 1414.156 1419.981 1425.372 1430.298 1434.674 1438.829 1445.165 1455.293 1464.553 1471.812 1479.582 1488.497 1500.735 1513.689 1522.998 1530.483 1536.62 1540.601 1540.233 1535.401
1364.615 1361.102 1360.053 1360.038 1360.482 1361.004 1360.539 1359.081 1357.091 1355.111 1350.519 1344.373 1341.217 1339.659 1338.651 1337.171 1333.356 1327.758 1323.634 1320.73 1317.375 1312.93 1309.245 1309.4 1311.996 1314.039 1316.466 1319.406 1322.802 1327.192 1332.187 1337.183 1342.179 1347.935 1355.248 1362.767 1369.753 1377.048 1384.254 1390.345 1396.333 1402.321 1408.309 1414.297 1420.218 1426.075 1431.784 1436.64 1440.848 1446.853 1456.465 1464.944 1471.867 1480.862 1490.817 1503.201 1515.239 1524.384 1532.369 1539.052 1544.296 1545.259 1540.673
1366.5 1362.634 1360.384 1359.089 1358.908 1359.382 1359.271 1358.105 1356.752 1355.408 1352.892 1347.76 1343.146 1341.307 1339.934 1337.653 1332.497 1326.522 1322.646 1320.64 1317.783 1312.969 1309.774 1310.652 1313.256 1315.55 1318.106 1320.658 1324.046 1328.428 1333.424 1338.419 1343.415 1349.155 1356.226 1363.35 1370.335 1377.394 1384.433 1390.935 1396.923 1402.911 1408.899 1414.887 1420.592 1426.027 1431.957 1437.456 1442.3 1448.274 1456.819 1465.716 1474.347 1483.342 1493.273 1505.055 1515.41 1523.292 1530.4 1537.85 1545.848 1549.309 1545.542
1368.091 1364.002 1361.275 1359.103 1358.028 1357.929 1357.848 1356.996 1356.114 1355.401 1354.396 1350.708 1345.999 1343.639 1340.87 1337.277 1331.05 1324.696 1321.785 1320.319 1317.717 1313.642 1310.932 1311.904 1314.659 1317.28 1319.902 1322.147 1325.437 1330.057 1334.91 1339.656 1344.651 1350.376 1357.215 1363.933 1370.918 1377.903 1384.734 1391.083 1397.065 1403.048 1409.031 1415.014 1420.82 1426.454 1432.442 1438.262 1443.742 1450.188 1458.838 1467.99 1477.336 1486.336 1495.616 1505.366 1514.172 1521.467 1528.432 1535.818 1544.759 1552.234 1551.913
1369.12 1364.947 1362.855 1360.464 1358.11 1356.731 1356.217 1355.728 1355.117 1355.04 1354.946 1353.105 1349.841 1346.698 1341.495 1336.041 1329.063 1322.308 1321.029 1319.827 1317.225 1314.812 1312.601 1313.155 1316.152 1319.148 1321.768 1323.768 1326.879 1331.87 1336.508 1340.892 1345.888 1351.596 1358.233 1364.576 1371.543 1378.485 1385.128 1391.116 1397.104 1403.092 1409.08 1415.068 1421.125 1427.303 1433.381 1439.385 1445.388 1452.282 1461.223 1470.574 1480.16 1489.104 1497.685 1505.625 1513.202 1520.237 1527.349 1534.622 1544.005 1554.917 1558.646
1369.516 1365.945 1363.426 1360.698 1358.137 1356.572 1356 1355.813 1355.327 1355 1355 1354.306 1351.564 1346.734 1340.99 1335.402 1330.343 1325.511 1321.64 1318.838 1316.846 1315.092 1313.254 1313.769 1316.766 1319.762 1322.39 1324.39 1327.477 1332.468 1337.342 1342.128 1347.124 1352.817 1359.461 1365.797 1372.548 1379.068 1385.719 1391.707 1397.695 1403.683 1409.671 1415.658 1422.118 1429.368 1435.885 1441.888 1447.891 1454.57 1463.255 1472.857 1482.002 1490.761 1498.897 1506.656 1513.784 1520.996 1528.569 1535.834 1545.178 1557.518 1565.711
1369.464 1366.515 1363.786 1360.897 1358.258 1356.579 1356 1356 1355.671 1355.206 1355.211 1355.216 1352.818 1346.93 1341.093 1335.605 1331.288 1326.793 1321.522 1317.885 1316.1 1314.818 1313.659 1314.66 1317.764 1320.845 1323.304 1325.308 1328.377 1333.373 1338.26 1343.048 1348.039 1353.71 1360.358 1366.681 1373.334 1379.651 1386.309 1392.297 1398.285 1404.273 1410.261 1416.249 1422.737 1430.262 1437.331 1443.717 1449.993 1456.7 1465.449 1474.734 1483.421 1492.122 1500.109 1507.819 1514.809 1522.193 1530.364 1537.962 1547.276 1559.633 1568.72
1368.578 1365.801 1364.077 1361.558 1358.647 1356.587 1356 1356 1355.935 1355.844 1355.849 1355.854 1353.502 1347.861 1342.415 1337.163 1331.528 1324.528 1320.123 1317.027 1314.832 1313.79 1313.72 1315.912 1319.243 1322.51 1324.564 1326.568 1329.613 1334.609 1339.281 1343.646 1348.637 1354.293 1360.948 1367.263 1373.924 1380.233 1386.9 1392.888 1398.875 1404.863 1410.851 1416.839 1423.128 1430.404 1438.077 1445.083 1451.79 1458.659 1467.606 1476.32 1484.625 1493.334 1501.322 1509.059 1516.131 1523.719 1532.452 1540.449 1549.646 1561.325 1569.859
1368.252 1366.025 1364.435 1361.768 1358.776 1356.595 1356 1356 1356.189 1356.482 1356.487 1356.492 1354.187 1348.399 1342.917 1338.199 1333.637 1327.025 1320.702 1316.956 1315.906 1315.85 1316.798 1318.624 1321.239 1324.014 1326.39 1328.4 1331.231 1335.845 1340.508 1344.837 1349.832 1355.282 1361.539 1367.651 1374.093 1380.621 1387.058 1393.478 1399.466 1405.454 1411.442 1417.43 1423.711 1430.794 1438.205 1445.666 1452.56 1459.686 1468.173 1477.068 1485.83 1494.546 1502.534 1510.446 1518.153 1526.198 1534.939 1542.937 1551.623 1561.581 1569.004
1368.37 1366.718 1364.867 1361.881 1358.856 1356.563 1355.896 1355.933 1356.344 1356.927 1357 1357 1354.788 1348.894 1343.234 1338.729 1335.017 1329.328 1321.658 1317.63 1317.872 1318.474 1319.902 1321.26 1323.269 1325.551 1328.083 1330.158 1332.969 1337.229 1341.825 1346.229 1350.994 1356.141 1362.206 1368.367 1374.59 1381.093 1387.303 1393.798 1399.781 1405.764 1411.747 1417.73 1424.082 1431.278 1438.457 1445.938 1452.831 1459.935 1468.414 1477.3 1486.026 1494.824 1503.054 1511.031 1519.097 1527.505 1536.052 1544.4 1552.968 1561.747 1569.023
1370.042 1367.746 1365.528 1362.542 1359.268 1356.323 1355.258 1355.539 1356.094 1356.529 1357 1357 1355.069 1349.578 1343.68 1338.066 1332.908 1327.748 1322.383 1319.986 1321.061 1321.212 1321.807 1323.157 1325.167 1327.23 1329.343 1331.624 1334.851 1338.9 1343.27 1347.904 1352.033 1356.732 1362.99 1369.595 1375.62 1381.683 1387.7 1393.751 1399.734 1405.717 1411.699 1417.682 1424.201 1431.861 1438.861 1445.882 1452.609 1459.399 1468.343 1477.067 1485.317 1494.281 1502.99 1510.967 1519.186 1527.921 1536.136 1545.11 1553.856 1561.849 1569.616
1370.951 1368.429 1365.829 1362.838 1359.462 1356.237 1355.144 1355.616 1356.146 1356.619 1357.147 1357.257 1355.044 1349.433 1343.445 1337.608 1332.25 1327.264 1322.926 1321.421 1322.602 1323.063 1323.713 1325.055 1327.064 1329.074 1331.083 1333.256 1336.243 1340.241 1344.395 1348.733 1352.727 1357.323 1363.609 1370.298 1376.286 1382.119 1387.721 1393.859 1400.237 1406.225 1412.213 1418.201 1424.574 1431.867 1438.847 1445.674 1452.11 1459.145 1467.67 1476.541 1485.069 1493.427 1501.834 1510.277 1518.336 1526.88 1536.064 1545.038 1553.935 1562.423 1570.476
1371.219 1368.84 1365.853 1362.863 1359.493 1356.252 1355.371 1356 1356.365 1357 1357.359 1357.628 1354.847 1348.913 1342.95 1337.253 1332.221 1327.255 1323.432 1322.665 1323.682 1324.699 1325.716 1327.022 1328.928 1330.859 1332.826 1334.782 1337.487 1341.445 1345.346 1349.339 1353.333 1357.913 1364.146 1370.725 1376.66 1382.236 1387.495 1393.699 1400.314 1406.428 1412.459 1418.587 1424.832 1431.812 1438.736 1445.351 1451.694 1458.745 1466.961 1475.871 1484.411 1492.438 1500.777 1509.373 1517.67 1526.456 1535.993 1544.967 1553.941 1562.702 1570.889
1368.287 1368.475 1366.114 1363.287 1359.524 1356.268 1355.363 1356 1356.357 1357 1357.352 1357.414 1354.476 1349.179 1343.418 1337.077 1331.622 1326.867 1324.283 1325.208 1326.225 1327.242 1328.26 1329.358 1330.628 1332.118 1333.892 1335.597 1338.731 1342.501 1345.952 1349.946 1353.939 1358.504 1364.549 1370.678 1376.438 1381.559 1386.81 1392.836 1399.159 1405.743 1411.938 1418.54 1424.777 1431.756 1438.524 1444.821 1451.486 1458.043 1466.252 1475.015 1483.072 1491.242 1499.926 1508.173 1517.245 1526.879 1535.921 1544.895 1553.87 1562.639 1570.818
1365.509 1365.874 1364.753 1362.709 1358.91 1355.995 1355.062 1355.807 1356.456 1357.308 1357.657 1357.528 1354.419 1349.762 1344.451 1337.927 1331.717 1326.808 1325.702 1327.393 1328.52 1329.901 1331.061 1331.82 1332.837 1334.038 1335.361 1336.682 1339.857 1343.394 1346.972 1350.852 1354.546 1358.975 1364.648 1370.512 1375.901 1380.881 1386.125 1392.103 1398.338 1405.058 1411.287 1418.014 1424.237 1431.212 1437.947 1444.161 1451.02 1457.852 1465.94 1474.403 1482.783 1490.747 1498.667 1506.964 1516.568 1526.44 1535.85 1544.824 1553.798 1562.687 1571.21
1363.171 1360.198 1361.212 1360.827 1357.474 1355.373 1354.416 1355.387 1356.663 1357.946 1358.287 1357.971 1354.666 1350.645 1345.986 1339.685 1332.43 1326.996 1327.599 1329.298 1330.617 1332.619 1334.015 1334.331 1335.332 1336.319 1337.04 1337.923 1340.894 1344.171 1348.165 1351.883 1355.152 1359.397 1364.582 1370.243 1375.245 1380.291 1385.508 1391.442 1397.721 1404.373 1410.594 1417.328 1423.544 1430.489 1437.191 1443.605 1450.585 1457.789 1465.766 1473.892 1482.359 1489.982 1497.155 1505.53 1515.485 1525.441 1535.238 1544.434 1553.765 1562.909 1571.741
1365.245 1362.392 1360.421 1358.08 1356.923 1353.994 1352.826 1354.382 1356.089 1357.416 1357.353 1356.629 1354.304 1350.722 1346.1 1340.189 1334.328 1329.351 1328.239 1330.128 1331.877 1333.69 1334.839 1335.599 1336.416 1336.949 1337.858 1338.997 1341.508 1344.778 1348.771 1352.497 1355.758 1359.829 1364.37 1369.566 1374.729 1380.251 1385.304 1390.912 1397.513 1403.688 1409.901 1416.643 1422.851 1429.652 1436.152 1443.55 1450.53 1457.725 1465.702 1473.555 1480.89 1488.013 1495.179 1503.537 1513.493 1523.449 1533.372 1543.322 1553.81 1563.475 1572.427
